29106
27678
8903
2184
2001
20302
25612
29364
29912
26136
26003
32502
30481
24301
8212
30447
22061
13580
27365
14709
1845
5286
24451
24539
19651
19007
7023
18546
10097
16727
21563
10831
10898
22090
29156
5711
2336
32629
9058
2393
28406
4506
8574
29667
31295
9093
5092
23224
26927
21744
19577
29944
20465
31909
19694
27488
27360
482
19094
7371
24825
25857
9332
3065
2704
15192
32665
23184
4163
8799
32173
30048
30253
28176
16843
21995
26460
5780
14226
32037
21892
10523
20600
2936
16628
16396
11106
6667
15562
18014
23154
14660
867
2629
15136
14476
12054
25362
5261
6994
