482
867
1845
2001
2184
2336
2393
2629
2704
2936
3065
4163
4506
5092
5261
5286
5711
5780
6667
6994
7023
7371
8212
8574
8799
8903
9058
9093
9332
10097
10523
10831
10898
11106
12054
13580
14226
14476
14660
14709
15136
15192
15562
16396
16628
16727
16843
18014
18546
19007
19094
19577
19651
19694
20302
20465
20600
21563
21744
21892
21995
22061
22090
23154
23184
23224
24301
24451
24539
24825
25362
25612
25857
26003
26136
26460
26927
27360
27365
27488
27678
28176
28406
29106
29156
29364
29667
29912
29944
30048
30253
30447
30481
31295
31909
32037
32173
32502
32629
32665
